
VIF - CP replication using Avg. Rating (2007 - 2012)
================================================
             2007  2008  2009  2010  2011  2012 
------------------------------------------------
log(GNI_cap) 5.086 6.455 5.657 5.041 4.326 5.821
GDP_grw      2.266 2.185 2.292 2.138 2.331 2.122
log(inf)     2.234 1.969 2.978 2.372 4.437 3.073
fsc_bal      1.532 1.595 1.243 1.602 1.669 1.493
ext_bal      1.351 1.648 1.652 1.807 2.004 1.591
ext_dbt      2.438 2.603 2.189 2.256 2.070 2.238
dev          4.041 6.328 4.918 4.374 4.010 3.486
def          1.743 2.010 1.800 1.953 1.934 1.927
log(CDS)     4.432 4.987 3.233 3.021 4.861 4.140
------------------------------------------------
