
VIF - CDS on Macro Variables using Avg. Rating (2007 - 2012)
================================================
             2007  2008  2009  2010  2011  2012 
------------------------------------------------
log(GNI_cap) 4.182 5.978 5.624 4.979 3.989 4.572
GDP_grw      2.236 2.180 2.288 2.124 2.253 1.751
log(inf)     1.973 1.804 2.265 1.701 2.519 2.067
fsc_bal      1.389 1.438 1.209 1.504 1.575 1.411
ext_bal      1.240 1.599 1.514 1.801 1.900 1.406
ext_dbt      2.410 2.567 2.046 2.218 1.981 2.044
dev          3.969 5.793 4.523 4.237 4.004 3.113
def          1.436 1.715 1.794 1.944 1.928 1.906
------------------------------------------------
